step,left_arm_j1,left_arm_j2,left_arm_j3,left_arm_j4,left_arm_j5,left_arm_j6,left_arm_j7,right_arm_j1,right_arm_j2,right_arm_j3,right_arm_j4,right_arm_j5,right_arm_j6,right_arm_j7,left_hand_j1,left_hand_j2,left_hand_j3,left_hand_j4,left_hand_j5,left_hand_j6,right_hand_j1,right_hand_j2,right_hand_j3,right_hand_j4,right_hand_j5,right_hand_j6
0,-0.10976375725713464,-1.3739580958855049,-1.114829059711378,-0.9960070676714217,0.2865307001041158,-0.5590638920978023,0.5916666430576886,0.36891022881402324,-1.427295353565394,0.32506757318394386,-0.7899709441471688,-1.7885610117598583,0.8467813633626846,2.3369086765263183,0.0002898550724637681,0.6998335254193879,0.7003453126998337,0.0003992547245142401,0.0,0.0,0.0011594202898550724,0.6998335254193879,0.7000895255147717,0.0003992547245142401,0.0,1.0
1,-0.10976375725713464,-1.3739580958855049,-1.114829059711378,-0.9960070676714217,0.2865307001041158,-0.5590813358029424,0.5916666430576886,0.36843901574864735,-1.427330240975674,0.3251024938837375,-0.7955559924272285,-1.788665807148753,0.819083023287261,2.3368910996631236,0.0002898550724637681,0.6998335254193879,0.7003453126998337,0.0003992547245142401,0.0,0.0,0.0011594202898550724,0.6998335254193879,0.7000895255147717,0.0003992547245142401,0.0,1.0
2,-0.10976375725713464,-1.3739580958855049,-1.114829059711378,-0.9959721136821144,0.2865307001041158,-0.5590638920978023,0.5916666430576886,0.368491380153581,-1.427312797270534,0.3251199375888776,-0.8016820618827378,-1.7886309197384729,0.79920372417231,2.336873789116038,0.0002898550724637681,0.6998335254193879,0.7003453126998337,0.0003992547245142401,0.0,0.0,0.0011594202898550724,0.6998335254193879,0.7000895255147717,0.0003992547245142401,0.0,1.0
3,-0.10976375725713464,-1.373975539590645,-1.114863947121658,-0.9960070676714217,0.2865307001041158,-0.5590638920978023,0.5916666430576886,0.3685611882636547,-1.427312797270534,0.3251548249991576,-0.8169013617222681,-1.7902190958545416,0.798278675167671,2.3368213248425636,0.0002898550724637681,0.6998335254193879,0.7003453126998337,0.0003992547245142401,0.0,0.0,0.0011594202898550724,0.6998335254193879,0.7000895255147717,0.0003992547245142401,0.0,1.0
4,-0.10979866131217147,-1.3739580958855049,-1.114811616006238,-0.9960070676714217,0.2865307001041158,-0.5590987795080824,0.5916666430576886,0.3686309963737284,-1.427243022449974,0.32524211010388493,-0.8344768267572188,-1.8002548189483418,0.7985754178921332,2.336838901705758,0.0002898550724637681,0.6998335254193879,0.7003453126998337,0.0003992547245142401,0.0,0.0,0.0011594202898550724,0.6998335254193879,0.7000895255147717,0.0003992547245142401,0.0,1.0
5,-0.10976375725713464,-1.373940652180365,-1.114863947121658,-0.9960070676714217,0.2865307001041158,-0.5590289381084951,0.5916666430576886,0.3689451495138169,-1.4272604661551138,0.325434090728966,-0.8557349109475311,-1.8134668942742793,0.7991513264778628,2.336873789116038,0.0002898550724637681,0.6998335254193879,0.7003453126998337,0.0003992547245142401,0.0,0.0,0.0011594202898550724,0.6998335254193879,0.7000895255147717,0.0003992547245142401,0.0,1.0
6,-0.10976375725713464,-1.3739580958855049,-1.114863947121658,-0.9960070676714217,0.28656562080390946,-0.5590813358029424,0.5916491327735214,0.36898007021361057,-1.4272604661551138,0.325434090728966,-0.8789827093672687,-1.8257366100484924,0.8258200218968345,2.337013338757158,0.0002898550724637681,0.6998335254193879,0.7003453126998337,0.0003992547245142401,0.0,0.0,0.0011594202898550724,0.6998335254193879,0.7000895255147717,0.0003992547245142401,0.0,1.0
7,-0.10979866131217147,-1.3739580958855049,-1.114811616006238,-0.9960245113765617,0.28656562080390946,-0.5590813358029424,0.5916666430576886,0.3701319872536107,-1.427243022449974,0.325434090728966,-0.9054418805874785,-1.8470296482281119,0.8819322934325861,2.337344902312873,0.0002898550724637681,0.6998335254193879,0.7003453126998337,0.0003992547245142401,0.0,0.0,0.0011594202898550724,0.6998335254193879,0.7000895255147717,0.0003992547245142401,0.0,1.0
8,-0.10979866131217147,-1.3739580958855049,-1.114829059711378,-0.9960070676714217,0.2865307001041158,-0.5590987795080824,0.5916666430576886,0.3804119555088847,-1.427243022449974,0.32536428261889233,-0.9375908954766425,-1.8718830664690584,0.9208182403522963,2.3375544930906624,0.0002898550724637681,0.6998335254193879,0.7003453126998337,0.0003992547245142401,0.0,0.0,0.0011594202898550724,0.6998335254193879,0.7000895255147717,0.0003992547245142401,0.0,1.0
9,-0.10979866131217147,-1.3739580958855049,-1.114829059711378,-0.9959721136821144,0.2865307001041158,-0.5590813358029424,0.5916666430576886,0.3940604230689454,-1.4271906913345538,0.32536428261889233,-0.9701936464365288,-1.8876085000737584,0.934658688537438,2.339666113518986,0.0002898550724637681,0.6998335254193879,0.7003453126998337,0.0003992547245142401,0.0,0.0,0.0011594202898550724,0.6998335254193879,0.7000895255147717,0.0003992547245142401,0.0,1.0
10,-0.10979866131217147,-1.3739580958855049,-1.114863947121658,-0.9959721136821144,0.2865307001041158,-0.5590813358029424,0.5916666430576886,0.4075518307037187,-1.4271732476294139,0.32536428261889233,-1.000911411976857,-1.9037352720547331,0.9438740914364665,2.3397185777924605,0.0002898550724637681,0.6998335254193879,0.7003453126998337,0.0003992547245142401,0.0,0.0,0.0011594202898550724,0.6998335254193879,0.7000895255147717,0.0003992547245142401,0.0,1.0
11,-0.10976375725713464,-1.3739580958855049,-1.114829059711378,-0.9960070676714217,0.2865307001041158,-0.5590987795080824,0.5916491327735214,0.4295080625737952,-1.4271207833559392,0.3253468389137523,-1.0275451534065214,-1.9326554704382852,0.9443976689067761,2.3398059294762152,0.0002898550724637681,0.6998335254193879,0.7003453126998337,0.0003992547245142401,0.0,0.0,0.0011594202898550724,0.6998335254193879,0.7000895255147717,0.0003992547245142401,0.0,1.0
12,-0.10976375725713464,-1.3739580958855049,-1.114829059711378,-0.9960070676714217,0.2865307001041158,-0.5590813358029424,0.5916666430576886,0.4470835276087459,-1.4271207833559392,0.32531191821395866,-1.0457140373113691,-1.9526219880789362,0.9441533238767613,2.339858127433581,0.0002898550724637681,0.6998335254193879,0.7003453126998337,0.0003992547245142401,0.0,0.0,0.0011594202898550724,0.6998335254193879,0.7000895255147717,0.0003992547245142401,0.0,1.0
13,-0.10976375725713464,-1.373940652180365,-1.114829059711378,-0.9959721136821144,0.2865307001041158,-0.5590638920978023,0.5916666430576886,0.46129052662842346,-1.4271033396507993,0.325259553809025,-1.0585596616713118,-1.9757126599943593,0.9435424613017244,2.339893014843861,0.0002898550724637681,0.6998335254193879,0.7003453126998337,0.0003992547245142401,0.0,0.0,0.0011594202898550724,0.6998335254193879,0.7000895255147717,0.0003992547245142401,0.0,1.0
14,-0.10979866131217147,-1.3739580958855049,-1.114829059711378,-0.9960245113765617,0.2865307001041158,-0.5590813358029424,0.5916666430576886,0.4754102405433737,-1.4270684522405193,0.32529447450881865,-1.0761351267062624,-2.0003218663633455,0.9435773487120044,2.3399105917070555,0.0002898550724637681,0.6998335254193879,0.7003453126998337,0.0003992547245142401,0.0,0.0,0.0011594202898550724,0.6998335254193879,0.7000895255147717,0.0003992547245142401,0.0,1.0
15,-0.10979866131217147,-1.3739580958855049,-1.114829059711378,-0.9960070676714217,0.2865307001041158,-0.5590813358029424,0.5916491327735214,0.48832567301339014,-1.4271033396507993,0.32531191821395866,-1.086118385526588,-2.017583144968694,0.9436297464064517,2.3399803665276155,0.0002898550724637681,0.6998335254193879,0.7003453126998337,0.0003992547245142401,0.0,0.0,0.0011594202898550724,0.6998335254193879,0.7000895255147717,0.0003992547245142401,0.0,1.0
16,-0.10976375725713464,-1.373975539590645,-1.114863947121658,-0.9959721136821144,0.2865307001041158,-0.5590987795080824,0.5916666430576886,0.5003335334734211,-1.4270684522405193,0.325259553809025,-1.0931869476918763,-2.031022254777561,0.943455176196997,2.3399803665276155,0.0002898550724637681,0.6998335254193879,0.7003453126998337,0.0003992547245142401,0.0,0.0,0.0011594202898550724,0.6998335254193879,0.7000895255147717,0.0003992547245142401,0.0,1.0
17,-0.10979866131217147,-1.3739580958855049,-1.114829059711378,-0.9960070676714217,0.2865307001041158,-0.5590813358029424,0.5916666430576886,0.510229540478533,-1.4270335648302392,0.32524211010388493,-1.1032750019010964,-2.04276825992341,0.9433504473871297,2.3399803665276155,0.0002898550724637681,0.6998335254193879,0.7003453126998337,0.0003992547245142401,0.0,0.0,0.0011594202898550724,0.6998335254193879,0.7000895255147717,0.0003992547245142401,0.0,1.0
18,-0.10976375725713464,-1.373975539590645,-1.114863947121658,-0.9960070676714217,0.28651325639897574,-0.5590813358029424,0.5917015304679687,0.5190085511434382,-1.4269986774199592,0.325259553809025,-1.1188083550121743,-2.051948708833131,0.943420288786717,2.33999794339081,0.0002898550724637681,0.6998335254193879,0.7003453126998337,0.0003992547245142401,0.0,0.0,0.0011594202898550724,0.6998335254193879,0.7000895255147717,0.0003992547245142401,0.0,1.0
19,-0.10976375725713464,-1.3739580958855049,-1.114863947121658,-0.9960070676714217,0.2865307001041158,-0.5590987795080824,0.5916666430576886,0.5302135684033513,-1.4270335648302392,0.32524211010388493,-1.1259817125663574,-2.0672726709035016,0.9433155599768497,2.34003283080109,0.0002898550724637681,0.6998335254193879,0.7003453126998337,0.0003992547245142401,0.0,0.0,0.0011594202898550724,0.6998335254193879,0.7000895255147717,0.0003992547245142401,0.0,1.0
20,-0.10976375725713464,-1.373975539590645,-1.114829059711378,-0.9960070676714217,0.28651325639897574,-0.5590813358029424,0.5916666430576886,0.5410520681182421,-1.4270335648302392,0.32524211010388493,-1.1307116198203926,-2.0878326739930766,0.943420288786717,2.34010260562165,0.0002898550724637681,0.6998335254193879,0.7003453126998337,0.0003992547245142401,0.0,0.0,0.0011594202898550724,0.6998335254193879,0.7000895255147717,0.0003992547245142401,0.0,1.0
21,-0.10976375725713464,-1.3739580958855049,-1.114829059711378,-0.9960070676714217,0.2865307001041158,-0.5590813358029424,0.5916666430576886,0.5507212070879929,-1.426981233714819,0.32524211010388493,-1.137780181985681,-2.096175292423859,0.9433504473871297,2.3401199161687356,0.0002898550724637681,0.6998335254193879,0.7003453126998337,0.0003992547245142401,0.0,0.0,0.0011594202898550724,0.6998335254193879,0.7000895255147717,0.0003992547245142401,0.0,1.0
22,-0.10976375725713464,-1.373975539590645,-1.114829059711378,-0.9960070676714217,0.2865307001041158,-0.5590638920978023,0.5916666430576886,0.5615422298082301,-1.426981233714819,0.3252246663987449,-1.1475016520708516,-2.102475932088823,0.9433678910922697,2.34017238044221,0.0002898550724637681,0.6998335254193879,0.7003453126998337,0.0003992547245142401,0.0,0.0,0.0011594202898550724,0.6998335254193879,0.7000895255147717,0.0003992547245142401,0.0,1.0
23,-0.10979866131217147,-1.3739580958855049,-1.114829059711378,-0.9960070676714217,0.2865307001041158,-0.5590638920978023,0.5916666430576886,0.5727472803576567,-1.4269113257362045,0.32529447450881865,-1.158671748630971,-2.102423600973403,0.9435773487120044,2.3401896909892956,0.0002898550724637681,0.6998335254193879,0.7003453126998337,0.0003992547245142401,0.0,0.0,0.0011594202898550724,0.6998335254193879,0.7000895255147717,0.0003992547245142401,0.0,1.0
24,-0.10976375725713464,-1.3739580958855049,-1.114863947121658,-0.9959721136821144,0.2865307001041158,-0.5590813358029424,0.5916666430576886,0.5855230633180121,-1.4268764383259245,0.32529447450881865,-1.1611675300465387,-2.1024584883836828,0.943437732491857,2.34031193008333,0.0002898550724637681,0.6998335254193879,0.7003453126998337,0.0003992547245142401,0.0,0.0,0.0011594202898550724,0.6998335254193879,0.7000895255147717,0.0003992547245142401,0.0,1.0
25,-0.10981611333968991,-1.373975539590645,-1.114863947121658,-0.9960070676714217,0.2865307001041158,-0.5590813358029424,0.5916491327735214,0.5967106035832714,-1.4269113257362045,0.325259553809025,-1.1646232478770255,-2.102510819499103,0.9435075073124171,2.340434169177365,0.0002898550724637681,0.6998335254193879,0.7003453126998337,0.0003992547245142401,0.0,0.0,0.0011594202898550724,0.6998335254193879,0.7000895255147717,0.0003992547245142401,0.0,1.0
26,-0.10979866131217147,-1.373975539590645,-1.114829059711378,-0.9960070676714217,0.2865307001041158,-0.5590813358029424,0.5916666430576886,0.6073571226730812,-1.4269113257362045,0.325259553809025,-1.1647454869710603,-2.1025981711828576,0.943455176196997,2.357713024645908,0.0002898550724637681,0.6998335254193879,0.7003453126998337,0.0003992547245142401,0.0,0.0,0.0011594202898550724,0.6998335254193879,0.7000895255147717,0.0003992547245142401,0.0,1.0
27,-0.10976375725713464,-1.3739580958855049,-1.114863947121658,-0.9959721136821144,0.2865307001041158,-0.5590638920978023,0.5916666430576886,0.6213895847728177,-1.426300529740195,0.32531191821395866,-1.1647454869710603,-2.103156636063447,0.9436471901115917,2.435641911831589,0.0002898550724637681,0.6998335254193879,0.7003453126998337,0.0003992547245142401,0.0,0.0,0.0011594202898550724,0.6998335254193879,0.7000895255147717,0.0003992547245142401,0.0,1.0
28,-0.10979866131217147,-1.3739580958855049,-1.114863947121658,-0.9960070676714217,0.2865307001041158,-0.5590813358029424,0.5916666430576886,0.6359281806377238,-1.414781292761166,0.32529447450881865,-1.1647803743813403,-2.1142744015081463,0.9438740914364665,2.4806714384909756,0.0002898550724637681,0.6998335254193879,0.7003453126998337,0.0003992547245142401,0.0,0.0,0.0011594202898550724,0.6998335254193879,0.7000895255147717,0.0003992547245142401,0.0,1.0
29,-0.10976375725713464,-1.3739580958855049,-1.114863947121658,-0.9960070676714217,0.28656562080390946,-0.5590987795080824,0.5916666430576886,0.647045946082423,-1.3951288949710898,0.32531191821395866,-1.1647629306762002,-2.146301177303276,0.9441358801716213,2.521756290943737,0.0002898550724637681,0.6998335254193879,0.7003453126998337,0.0003992547245142401,0.0,0.0,0.0011594202898550724,0.6998335254193879,0.7000895255147717,0.0003992547245142401,0.0,1.0
30,-0.10979866131217147,-1.3739580958855049,-1.114811616006238,-0.9960245113765617,0.2865307001041158,-0.5590813358029424,0.5916666430576886,0.6511648576033668,-1.3787228905498203,0.32524211010388493,-1.1647629306762002,-2.1818186914972264,0.9631948590918006,2.574098857956481,0.0002898550724637681,0.6998335254193879,0.7003453126998337,0.0003992547245142401,0.0,0.0,0.0011594202898550724,0.6998335254193879,0.7000895255147717,0.0003992547245142401,0.0,1.0
31,-0.10979866131217147,-1.373975539590645,-1.114811616006238,-0.9960245113765617,0.28656562080390946,-0.5590813358029424,0.5916666430576886,0.6510950827828068,-1.3658423787795975,0.3252246663987449,-1.1646931558556401,-2.2107910878381443,1.0216633624019997,2.6335797619550743,0.0002898550724637681,0.6998335254193879,0.7003453126998337,0.0003992547245142401,0.0,0.0,0.0011594202898550724,0.6998335254193879,0.7000895255147717,0.0003992547245142401,0.0,1.0
32,-0.10979866131217147,-1.3739580958855049,-1.114829059711378,-0.9959721136821144,0.2865307001041158,-0.5590638920978023,0.5917015304679687,0.6507808963532047,-1.3515305510815117,0.3251024938837375,-1.1644488108256255,-2.250148214533717,1.0618932069867912,2.6899538222259802,0.0002898550724637681,0.6998335254193879,0.7003453126998337,0.0003992547245142401,0.0,0.0,0.0011594202898550724,0.6998335254193879,0.7000895255147717,0.0003992547245142401,0.0,1.0
33,-0.10979866131217147,-1.3739580958855049,-1.114863947121658,-0.9960070676714217,0.2865307001041158,-0.5590987795080824,0.5916666430576886,0.6506238364279173,-1.3304994347951014,0.3251024938837375,-1.1643265717315907,-2.2851421512573578,1.071283113516247,2.7371125461768857,0.0002898550724637681,0.6998335254193879,0.7003453126998337,0.0003992547245142401,0.0,0.0,0.0011594202898550724,0.6998335254193879,0.7000895255147717,0.0003992547245142401,0.0,1.0
34,-0.1097463052296162,-1.373975539590645,-1.114863947121658,-0.9959721136821144,0.2865307001041158,-0.5590813358029424,0.5916666430576886,0.6505889490176373,-1.3063440310758647,0.3251024938837375,-1.1643789028470108,-2.3129974846790415,1.081981963721477,2.7796637351258444,0.0002898550724637681,0.6998335254193879,0.7003453126998337,0.0003992547245142401,0.0,0.0,0.0011594202898550724,0.6998335254193879,0.7000895255147717,0.0003992547245142401,0.0,1.0
35,-0.10979866131217147,-1.3739580958855049,-1.114863947121658,-0.9960070676714217,0.2865307001041158,-0.5590813358029424,0.5916666430576886,0.6505715053124972,-1.2869359783158032,0.3251199375888776,-1.1644313671204853,-2.343052056528913,1.1065736598062959,2.8270842478119045,0.0002898550724637681,0.6998335254193879,0.7003453126998337,0.0003992547245142401,0.0,0.0,0.0011594202898550724,0.6998335254193879,0.7000895255147717,0.0003992547245142401,0.0,1.0
36,-0.10976375725713464,-1.3739580958855049,-1.114829059711378,-0.9960070676714217,0.28651325639897574,-0.5590987795080824,0.5916666430576886,0.6506238364279173,-1.2709487559759487,0.3251199375888776,-1.1644313671204853,-2.3708551919932312,1.1396650342471843,2.8753950552503778,0.0002898550724637681,0.6998335254193879,0.7003453126998337,0.0003992547245142401,0.0,0.0,0.0011594202898550724,0.6998335254193879,0.7000895255147717,0.0003992547245142401,0.0,1.0
37,-0.10979866131217147,-1.3739580958855049,-1.114829059711378,-0.9960070676714217,0.2865307001041158,-0.5590813358029424,0.5916666430576886,0.6506238364279173,-1.2564450475213225,0.3251024938837375,-1.1643265717315907,-2.4057966644433977,1.1781321325064524,2.9221697513720937,0.0002898550724637681,0.6998335254193879,0.7003453126998337,0.0003992547245142401,0.0,0.0,0.0011594202898550724,0.6998335254193879,0.7000895255147717,0.0003992547245142401,0.0,1.0
38,-0.10979866131217147,-1.3739580958855049,-1.114829059711378,-0.9960070676714217,0.2865307001041158,-0.5590638920978023,0.5916666430576886,0.6507111215326447,-1.2512963581858723,0.32518974569895126,-1.1643789028470108,-2.4327795462919717,1.2070697745951444,2.963289757551244,0.0002898550724637681,0.6998335254193879,0.7003453126998337,0.0003992547245142401,0.0,0.0,0.0011594202898550724,0.6998335254193879,0.7000895255147717,0.0003992547245142401,0.0,1.0
39,-0.10979866131217147,-1.3739580958855049,-1.114829059711378,-0.9960070676714217,0.2865307001041158,-0.5590813358029424,0.5916666430576886,0.650850737752792,-1.2513138018910124,0.32531191821395866,-1.1645011419410454,-2.4579821049518276,1.2367403186158263,2.9954389055984625,0.0002898550724637681,0.6998335254193879,0.7003453126998337,0.0003992547245142401,0.0,0.0,0.0011594202898550724,0.6998335254193879,0.7000895255147717,0.0003992547245142401,0.0,1.0
40,-0.10979866131217147,-1.3739580958855049,-1.114863947121658,-0.9960070676714217,0.28651325639897574,-0.5590638920978023,0.5916666430576886,0.6513394278128216,-1.2513661330064325,0.32538172632403234,-1.1645883604667455,-2.4884031277676937,1.2680166156157713,3.016278141128333,0.0002898550724637681,0.6998335254193879,0.7003453126998337,0.0003992547245142401,0.0,0.0,0.0011594202898550724,0.6998335254193879,0.7000895255147717,0.0003992547245142401,0.0,1.0
41,-0.10979866131217147,-1.3739580958855049,-1.114829059711378,-0.9960070676714217,0.2865307001041158,-0.5590813358029424,0.5916666430576886,0.6673266501526762,-1.251523259510747,0.32536428261889233,-1.1646406915821657,-2.5048092653470175,1.2783490148550063,3.0398399262405906,0.0002898550724637681,0.6998335254193879,0.7003453126998337,0.0003992547245142401,0.0,0.0,0.0011594202898550724,0.6998335254193879,0.7000895255147717,0.0003992547245142401,0.0,1.0
42,-0.10979866131217147,-1.3739580958855049,-1.114829059711378,-0.9960070676714217,0.2865307001041158,-0.5590987795080824,0.5916666430576886,0.6962118279678937,-1.2517501608356219,0.3253468389137523,-1.1646582684453601,-2.511650926187431,1.277964987025817,3.0635591041732724,0.0002898550724637681,0.6998335254193879,0.7003453126998337,0.0003992547245142401,0.0,0.0,0.0011594202898550724,0.6998335254193879,0.7000895255147717,0.0003992547245142401,0.0,1.0
43,-0.10979866131217147,-1.3739580958855049,-1.114863947121658,-0.9960070676714217,0.28656562080390946,-0.5590638920978023,0.5916666430576886,0.7237706184021971,-1.2525878581565062,0.3253468389137523,-1.1646582684453601,-2.511877827512306,1.2774937406709272,3.0887091985596538,0.0002898550724637681,0.6998335254193879,0.7003453126998337,0.0003992547245142401,0.0,0.0,0.0011594202898550724,0.6998335254193879,0.7000895255147717,0.0003992547245142401,0.0,1.0
44,-0.10979866131217147,-1.3739580958855049,-1.114863947121658,-0.9959721136821144,0.2865307001041158,-0.5590638920978023,0.5916666430576886,0.7532492150873115,-1.2531114356268158,0.3253468389137523,-1.1648850366121803,-2.5120522645637062,1.2772493956409126,3.112655011501101,0.0002898550724637681,0.6998335254193879,0.7003453126998337,0.0003992547245142401,0.0,0.0,0.0011594202898550724,0.6998335254193879,0.7000895255147717,0.0003992547245142401,0.0,1.0
45,-0.10979866131217147,-1.373975539590645,-1.114829059711378,-0.9960070676714217,0.2865307001041158,-0.5590813358029424,0.5917015304679687,0.7810522839726025,-1.253093991921676,0.32531191821395866,-1.1648501492019003,-2.512139616247461,1.2761847969951534,3.125378529925064,0.0002898550724637681,0.6998335254193879,0.7003453126998337,0.0003992547245142401,0.0,0.0,0.0011594202898550724,0.6998335254193879,0.7000895255147717,0.0003992547245142401,0.0,1.0
46,-0.10976375725713464,-1.3739580958855049,-1.114829059711378,-0.9960070676714217,0.28656562080390946,-0.5590813358029424,0.5916666430576886,0.8033227022722811,-1.25361770255004,0.32531191821395866,-1.1648152617916203,-2.5121745036577408,1.275504093020529,3.1353968093137237,0.0002898550724637681,0.6998335254193879,0.7003453126998337,0.0003992547245142401,0.0,0.0,0.0011594202898550724,0.6998335254193879,0.7000895255147717,0.0003992547245142401,0.0,1.0
47,-0.10979866131217147,-1.3739580958855049,-1.114863947121658,-0.9960245113765617,0.2865307001041158,-0.5590638920978023,0.5916666430576886,0.819658998452018,-1.2597786594158293,0.3253468389137523,-1.1648327054967602,-2.511005109623087,1.2639848560415003,3.1443852443088502,0.0002898550724637681,0.6998335254193879,0.7003453126998337,0.0003992547245142401,0.0,0.0,0.0011594202898550724,0.6998335254193879,0.7000895255147717,0.0003992547245142401,0.0,1.0
48,-0.10979866131217147,-1.3739580958855049,-1.114811616006238,-0.9960245113765617,0.2865307001041158,-0.5590638920978023,0.5916666430576886,0.8302356761422404,-1.2772145082306325,0.325416647023826,-1.1648327054967602,-2.503849462090153,1.2485387880351497,3.1463748919592485,0.0002898550724637681,0.6998335254193879,0.7003453126998337,0.0003992547245142401,0.0,0.0,0.0011594202898550724,0.6998335254193879,0.7000895255147717,0.0003992547245142401,0.0,1.0
49,-0.10979866131217147,-1.373940652180365,-1.114863947121658,-0.9960070676714217,0.2865307001041158,-0.5590813358029424,0.5916666430576886,0.842749670367441,-1.2937427517459368,0.32592278078899556,-1.1648327054967602,-2.484458719877177,1.2450306059311884,3.141819554914668,0.0002898550724637681,0.6998335254193879,0.7003453126998337,0.0003992547245142401,0.0,0.0,0.0011594202898550724,0.6998335254193879,0.7000895255147717,0.0003992547245142401,0.0,1.0
50,-0.10976375725713464,-1.373940652180365,-1.114829059711378,-0.9960245113765617,0.2865307001041158,-0.5591336669183624,0.5916666430576886,0.8592604701776052,-1.3049477357163362,0.32601006589372294,-1.1648501492019003,-2.4618916254320635,1.2450654933414684,3.141854442324948,0.0002898550724637681,0.6998335254193879,0.7003453126998337,0.0003992547245142401,0.0,0.0,0.0011594202898550724,0.6998335254193879,0.7000895255147717,0.0003992547245142401,0.0,1.0
51,-0.10981611333968991,-1.3739580958855049,-1.114863947121658,-0.9960070676714217,0.2865307001041158,-0.5590813358029424,0.5916666430576886,0.8805883957675048,-1.312138536975659,0.3259925888990693,-1.1649026134753748,-2.4439320659888963,1.2451003807517484,3.141924217145508,0.0002898550724637681,0.6998335254193879,0.7003453126998337,0.0003992547245142401,0.0,0.0,0.0011594202898550724,0.6998335254193879,0.7000895255147717,0.0003992547245142401,0.0,1.0
52,-0.10976375725713464,-1.3739580958855049,-1.114829059711378,-0.9960070676714217,0.2865307001041158,-0.5590813358029424,0.5916666430576886,0.9011135114468,-1.3209349580561909,0.32594022449413557,-1.1648850366121803,-2.43410606683094,1.2450654933414684,3.1419417940087024,0.0002898550724637681,0.6998335254193879,0.7003453126998337,0.0003992547245142401,0.0,0.0,0.0011594202898550724,0.6998335254193879,0.7000895255147717,0.0003992547245142401,0.0,1.0
53,-0.10979866131217147,-1.3739580958855049,-1.114829059711378,-0.9959721136821144,0.2865307001041158,-0.5590813358029424,0.5916491327735214,0.926089168781781,-1.3285795619652634,0.3258704163840619,-1.1648327054967602,-2.4233024212368157,1.2449084999952083,3.1419417940087024,0.0002898550724637681,0.6998335254193879,0.7003453126998337,0.0003992547245142401,0.0,0.0,0.0011594202898550724,0.6998335254193879,0.7000895255147717,0.0003992547245142401,0.0,1.0
54,-0.10979866131217147,-1.3739580958855049,-1.114863947121658,-0.9959721136821144,0.2865307001041158,-0.5590813358029424,0.5916666430576886,0.9463698728520342,-1.3325239698557796,0.3258355289737819,-1.1647629306762002,-2.423441970877936,1.2447862609011737,3.141889329735228,0.0002898550724637681,0.6998335254193879,0.7003453126998337,0.0003992547245142401,0.0,0.0,0.0011594202898550724,0.6998335254193879,0.7000895255147717,0.0003992547245142401,0.0,1.0
55,-0.10976375725713464,-1.373975539590645,-1.114829059711378,-0.9959721136821144,0.28651325639897574,-0.5590987795080824,0.5916666430576886,0.9638406090771175,-1.3352991168696968,0.3258180519791282,-1.1647454869710603,-2.4237735344336504,1.2447164860806137,3.1418720191881424,0.0002898550724637681,0.6998335254193879,0.7003453126998337,0.0003992547245142401,0.0,0.0,0.0011594202898550724,0.6998335254193879,0.7000895255147717,0.0003992547245142401,0.0,1.0
56,-0.10979866131217147,-1.3739580958855049,-1.114829059711378,-0.9959721136821144,0.2865307001041158,-0.5590813358029424,0.5916666430576886,0.9842784396516854,-1.335508441331377,0.3258355289737819,-1.1647454869710603,-2.42338977292057,1.2446815986703335,3.141801978051473,0.0002898550724637681,0.6998335254193879,0.7003453126998337,0.0003992547245142401,0.0,0.0,0.0011594202898550724,0.6998335254193879,0.7000895255147717,0.0003992547245142401,0.0,1.0
57,-0.10979866131217147,-1.373975539590645,-1.114829059711378,-0.9960070676714217,0.28656562080390946,-0.5590813358029424,0.5916666430576886,1.0072818930414082,-1.335508441331377,0.3259925888990693,-1.1647803743813403,-2.4227263794930316,1.2446467112600534,3.141732203230913,0.0002898550724637681,0.6998335254193879,0.7003453126998337,0.0003992547245142401,0.0,0.0,0.0011594202898550724,0.6998335254193879,0.7000895255147717,0.0003992547245142401,0.0,1.0
58,-0.10976375725713464,-1.373975539590645,-1.114863947121658,-0.9960245113765617,0.2865307001041158,-0.5590813358029424,0.5916666430576886,1.0300060474118091,-1.335490997626237,0.32602750959886295,-1.1648152617916203,-2.401538269860361,1.2447862609011737,3.141662428410353,0.0002898550724637681,0.6998335254193879,0.7003453126998337,0.0003992547245142401,0.0,0.0,0.0011594202898550724,0.6998335254193879,0.7000895255147717,0.0003992547245142401,0.0,1.0
59,-0.10979866131217147,-1.3739580958855049,-1.114829059711378,-0.9960070676714217,0.2865307001041158,-0.5590813358029424,0.5916666430576886,1.0520670080917531,-1.335508441331377,0.32601006589372294,-1.1648152617916203,-2.362652123203569,1.2449608311106284,3.1415401893163186,0.0002898550724637681,0.6998335254193879,0.7003453126998337,0.0003992547245142401,0.0,0.0,0.0011594202898550724,0.6998335254193879,0.7000895255147717,0.0003992547245142401,0.0,1.0
60,-0.10979866131217147,-1.3739580958855049,-1.114829059711378,-0.9960070676714217,0.2865307001041158,-0.5590813358029424,0.5916666430576886,1.0710910996016525,-1.3355434618997115,0.32602750959886295,-1.1648327054967602,-2.334046310986701,1.2453621694869033,3.1414355270854784,0.0002898550724637681,0.6998335254193879,0.7003453126998337,0.0003992547245142401,0.0,0.0,0.0011594202898550724,0.6998335254193879,0.7000895255147717,0.0003992547245142401,0.0,1.0
61,-0.10979866131217147,-1.3739580958855049,-1.114829059711378,-0.9960070676714217,0.2865307001041158,-0.5590987795080824,0.5916666430576886,1.090202476216279,-1.335508441331377,0.32601006589372294,-1.1648327054967602,-2.312543682029292,1.2457287536109527,3.141313287991444,0.0002898550724637681,0.6998335254193879,0.7003453126998337,0.0003992547245142401,0.0,0.0,0.0011594202898550724,0.6998335254193879,0.7000895255147717,0.0003992547245142401,0.0,1.0
62,-0.10976375725713464,-1.3739580958855049,-1.114863947121658,-0.9959721136821144,0.28656562080390946,-0.5590638920978023,0.5916666430576886,1.1070274624560454,-1.3355434618997115,0.3259577014887892,-1.1647803743813403,-2.297551416672691,1.26440377128097,3.140981724435729,0.0002898550724637681,0.6998335254193879,0.7003453126998337,0.0003992547245142401,0.0,0.0,0.0011594202898550724,0.6998335254193879,0.7000895255147717,0.0003992547245142401,0.0,1.0
63,-0.10976375725713464,-1.373975539590645,-1.114863947121658,-0.9960070676714217,0.2865307001041158,-0.5590813358029424,0.5916666430576886,1.1137120633711715,-1.3355783493099915,0.3258180519791282,-1.1647803743813403,-2.299261965040849,1.2805830075354192,3.1404581469654196,0.0002898550724637681,0.6998335254193879,0.7003453126998337,0.0003992547245142401,0.0,0.0,0.0008695652173913044,0.6998335254193879,0.7000895255147717,0.0003992547245142401,0.0,1.0
64,-0.10981611333968991,-1.3739580958855049,-1.114829059711378,-0.9959721136821144,0.28656562080390946,-0.5590987795080824,0.5916491327735214,1.1155795385065623,-1.3356132367202715,0.3256958794641208,-1.1647629306762002,-2.299959979562559,1.2879656895512823,3.130056106063679,0.0002898550724637681,0.6998335254193879,0.7003453126998337,0.0003992547245142401,0.0,0.0,0.0008695652173913044,0.6998335254193879,0.7000895255147717,0.0003992547245142401,0.0,1.0
65,-0.10979866131217147,-1.3739580958855049,-1.114863947121658,-0.9960070676714217,0.2865307001041158,-0.5590987795080824,0.5916666430576886,1.1155272073911422,-1.3356655678356917,0.3256784357589808,-1.1647454869710603,-2.300029754383119,1.2904091398514301,3.085166129045412,0.0002898550724637681,0.6998335254193879,0.7003453126998337,0.0003992547245142401,0.0,0.0,0.0008695652173913044,0.6998335254193879,0.7000895255147717,0.0003992547245142401,0.0,1.0
66,-0.10979866131217147,-1.3739580958855049,-1.114829059711378,-0.9959721136821144,0.28656562080390946,-0.5590987795080824,0.5916666430576886,1.1155620948014222,-1.3357353426562517,0.32564354834870074,-1.1648152617916203,-2.299802853058244,1.2946678007505759,3.0358257435295144,0.0002898550724637681,0.6998335254193879,0.7003453126998337,0.0003992547245142401,0.0,0.0,0.0008695652173913044,0.6998335254193879,0.7000895255147717,0.0003992547245142401,0.0,1.0
67,-0.10979866131217147,-1.373940652180365,-1.114863947121658,-0.9960070676714217,0.2865307001041158,-0.5590813358029424,0.5916666430576886,1.1155272073911422,-1.3358052506348663,0.3256958794641208,-1.1648850366121803,-2.299331739861409,1.2946678007505759,2.9964860605390817,0.0002898550724637681,0.6998335254193879,0.7003453126998337,0.0003992547245142401,0.0,0.0,0.0008695652173913044,0.6998335254193879,0.7000895255147717,0.0003992547245142401,0.0,1.0
68,-0.10976375725713464,-1.3739580958855049,-1.114829059711378,-0.9960070676714217,0.2865307001041158,-0.5590813358029424,0.5916666430576886,1.1155272073911422,-1.3362065890111412,0.3257308001639145,-1.1649375008856548,-2.298860360348465,1.294737575571136,2.9743027276070486,0.0002898550724637681,0.6998335254193879,0.7003453126998337,0.0003992547245142401,0.0,0.0,0.0008695652173913044,0.6998335254193879,0.7000895255147717,0.0003992547245142401,0.0,1.0
69,-0.10979866131217147,-1.3739580958855049,-1.114829059711378,-0.9960070676714217,0.2865307001041158,-0.5590813358029424,0.5916666430576886,1.115457365991555,-1.3399940035553974,0.3256784357589808,-1.1649026134753748,-2.290325728003088,1.2948423709600305,2.9689447138099183,0.0002898550724637681,0.6998335254193879,0.7003453126998337,0.0003992547245142401,0.0,0.0,0.0008695652173913044,0.6998335254193879,0.7000895255147717,0.0003992547245142401,0.0,1.0
70,-0.10976375725713464,-1.3739580958855049,-1.114829059711378,-0.9959721136821144,0.2865307001041158,-0.5590813358029424,0.5916666430576886,1.1152479083718203,-1.3507102974657672,0.32562607135404714,-1.1648327054967602,-2.273186688491774,1.294772462981416,2.9682464329720997,0.0002898550724637681,0.6998335254193879,0.7003453126998337,0.0003992547245142401,0.0,0.0,0.0008695652173913044,0.6998335254193879,0.7000895255147717,0.0003992547245142401,0.0,1.0
71,-0.10979866131217147,-1.3739580958855049,-1.114829059711378,-0.9959721136821144,0.2865307001041158,-0.5590813358029424,0.5916666430576886,1.1151955772564002,-1.3628403304408057,0.32564354834870074,-1.1647803743813403,-2.2596080290417873,1.294772462981416,2.968054685373614,0.0002898550724637681,0.6998335254193879,0.7003453126998337,0.0003992547245142401,0.0,0.0,0.0008695652173913044,0.6998335254193879,0.7000895255147717,0.0003992547245142401,0.0,1.0
72,-0.10976375725713464,-1.373975539590645,-1.114829059711378,-0.9960070676714217,0.2865307001041158,-0.5590813358029424,0.5916666430576886,1.1151955772564002,-1.3723348992011017,0.32562607135404714,-1.1647629306762002,-2.2496944118839672,1.2945805822248757,2.9679148694163846,0.0002898550724637681,0.6998335254193879,0.7003453126998337,0.0003992547245142401,0.0,0.0,0.0008695652173913044,0.6998335254193879,0.7000895255147717,0.0003992547245142401,0.0,1.0
73,-0.10979866131217147,-1.3739580958855049,-1.114863947121658,-0.9960070676714217,0.28651325639897574,-0.5590813358029424,0.5916666430576886,1.1151955772564002,-1.3769076799508222,0.32564354834870074,-1.1647803743813403,-2.2468147357972645,1.2946678007505759,2.9677928966384592,0.0002898550724637681,0.6998335254193879,0.7003453126998337,0.0003992547245142401,0.0,0.0,0.0008695652173913044,0.6998335254193879,0.7000895255147717,0.0003992547245142401,0.0,1.0
74,-0.10979866131217147,-1.3739580958855049,-1.114829059711378,-0.9960070676714217,0.2865307001041158,-0.5590813358029424,0.5916666430576886,1.11521302096154,-1.3797177143750194,0.32562607135404714,-1.1648152617916203,-2.24676227152379,1.2946154696351557,2.9677928966384592,0.0002898550724637681,0.6998335254193879,0.7003453126998337,0.0003992547245142401,0.0,0.0,0.0008695652173913044,0.6998335254193879,0.7000895255147717,0.0003992547245142401,0.0,1.0
75,-0.10976375725713464,-1.3739580958855049,-1.114829059711378,-0.9960245113765617,0.2865307001041158,-0.5590813358029424,0.5916666430576886,1.1151955772564002,-1.3796828269647392,0.32562607135404714,-1.1647629306762002,-2.2468147357972645,1.294475786835981,2.967827784048739,0.0002898550724637681,0.6998335254193879,0.7003453126998337,0.0003992547245142401,0.0,0.0,0.0008695652173913044,0.6998335254193879,0.7000895255147717,0.0003992547245142401,0.0,1.0
76,-0.10979866131217147,-1.3739580958855049,-1.114829059711378,-0.9960070676714217,0.2865307001041158,-0.5590813358029424,0.5916666430576886,1.1151955772564002,-1.3797177143750194,0.3256086276489071,-1.1647454869710603,-2.2469193980281044,1.294336237194861,2.9677928966384592,0.0002898550724637681,0.6998335254193879,0.7003453126998337,0.0003992547245142401,0.0,0.0,0.0008695652173913044,0.6998335254193879,0.7000895255147717,0.0003992547245142401,0.0,1.0
77,-0.10979866131217147,-1.373940652180365,-1.114863947121658,-0.9960070676714217,0.2865307001041158,-0.5590813358029424,0.5916666430576886,1.1151955772564002,-1.3797351580801593,0.32562607135404714,-1.1647454869710603,-2.2471114119426994,1.2942139981008263,2.9677928966384592,0.0002898550724637681,0.6998335254193879,0.7003453126998337,0.0003992547245142401,0.0,0.0,0.0008695652173913044,0.6998335254193879,0.7000895255147717,0.0003992547245142401,0.0,1.0
78,-0.10979866131217147,-1.3739580958855049,-1.114829059711378,-0.9959721136821144,0.2865307001041158,-0.5590987795080824,0.5916666430576886,1.1151955772564002,-1.3797351580801593,0.3256086276489071,-1.1647454869710603,-2.247303425857294,1.2939696530708116,2.967810207185545,0.0002898550724637681,0.6998335254193879,0.7003453126998337,0.0003992547245142401,0.0,0.0,0.0008695652173913044,0.6998335254193879,0.7000895255147717,0.0003992547245142401,0.0,1.0
79,-0.10979866131217147,-1.3739580958855049,-1.114863947121658,-0.9960070676714217,0.2865307001041158,-0.5590638920978023,0.5916666430576886,1.11517813355126,-1.3797351580801593,0.3256086276489071,-1.16471059956078,-2.247442975498414,1.293446075600502,2.9677928966384592,0.0002898550724637681,0.6998335254193879,0.7003453126998337,0.0003992547245142401,0.0,0.0,0.0008695652173913044,0.6998335254193879,0.7000895255147717,0.0003992547245142401,0.0,1.0
80,-0.10976375725713464,-1.3739580958855049,-1.114829059711378,-0.9960070676714217,0.2865307001041158,-0.5590813358029424,0.5916666430576886,1.11517813355126,-1.3797351580801593,0.3255737069491134,-1.16471059956078,-2.247495439771889,1.2930969351815926,2.9677404323649843,0.0002898550724637681,0.6998335254193879,0.7003453126998337,0.0003992547245142401,0.0,0.0,0.06289855072463768,0.7492636701242157,0.747665941936309,0.0003992547245142401,0.0,0.04668222740913638
81,-0.10979866131217147,-1.3739580958855049,-1.114863947121658,-0.9959721136821144,0.2865307001041158,-0.5590638920978023,0.5916491327735214,1.1150559610362527,-1.3797351580801593,0.3251548249991576,-1.1645883604667455,-2.2480887920627586,1.2921720193350081,2.9678626714590193,0.0002898550724637681,0.6998335254193879,0.7003453126998337,0.0003992547245142401,0.0,0.0,0.2026086956521739,0.9003713663721347,0.8966619772349406,0.0003992547245142401,0.0,0.19662109592086252
82,-0.10976375725713464,-1.3739580958855049,-1.114829059711378,-0.9960070676714217,0.2865307001041158,-0.5590813358029424,0.5916666430576886,1.114811616006238,-1.3797526017852995,0.32491047996914285,-1.1645185856461855,-2.2489266225416973,1.2915262027706638,2.9678626714590193,0.0002898550724637681,0.6998335254193879,0.7003453126998337,0.0003992547245142401,0.0,0.0,0.3153623188405797,0.9985913689332822,0.9983373832970969,0.0003992547245142401,0.0,0.32510836945648547
83,-0.10979866131217147,-1.373975539590645,-1.114863947121658,-0.9960070676714217,0.2865307001041158,-0.5590638920978023,0.5916666430576886,1.1146370457967834,-1.3797526017852995,0.3248755925588628,-1.1645185856461855,-2.250148214533717,1.2909502941849342,2.967827784048739,0.0002898550724637681,0.6998335254193879,0.7003453126998337,0.0003992547245142401,0.0,0.0,0.4420289855072464,0.9997438852605968,1.0,0.0003992547245142401,0.0,0.4739357563632322
84,-0.10979866131217147,-1.3739580958855049,-1.114829059711378,-0.9959721136821144,0.2865307001041158,-0.5590813358029424,0.5916666430576886,1.1146370457967834,-1.3797874891955795,0.32491047996914285,-1.1645534730564655,-2.2514923119358796,1.2909152736165996,2.967810207185545,0.0002898550724637681,0.6998335254193879,0.7003453126998337,0.0003992547245142401,0.0,0.0,0.5472463768115942,0.9997438852605968,1.0,0.0003992547245142401,0.0,0.6113148827386907
85,-0.10979866131217147,-1.3739580958855049,-1.114829059711378,-0.9960070676714217,0.28651325639897574,-0.5590638920978023,0.5916491327735214,1.1146719997860906,-1.3797874891955795,0.32492795696379645,-1.1645883604667455,-2.2514222707992104,1.2908803862063196,2.96775774291207,0.0002898550724637681,0.6998335254193879,0.7003453126998337,0.0003992547245142401,0.0,0.0,0.6655072463768116,0.9997438852605968,1.0,0.0003992547245142401,0.0,0.7740357897076804
86,-0.10976375725713464,-1.3739580958855049,-1.114863947121658,-0.9960070676714217,0.2865307001041158,-0.5590813358029424,0.5916666430576886,1.1146719997860906,-1.3797526017852995,0.3249628443740765,-1.1646232478770255,-2.251370072841845,1.2909152736165996,2.9677404323649843,0.0002898550724637681,0.6998335254193879,0.7003453126998337,0.0003992547245142401,0.0,0.0,0.78,0.9997438852605968,1.0,0.0003992547245142401,0.0,0.8962987662554185
87,-0.10979866131217147,-1.373975539590645,-1.114863947121658,-0.9960245113765617,0.2865307001041158,-0.5590638920978023,0.5916666430576886,1.1147243309015107,-1.3797526017852995,0.3249628443740765,-1.1646232478770255,-2.2513873833889306,1.2909327173217398,2.9677404323649843,0.0002898550724637681,0.6998335254193879,0.7003453126998337,0.0003992547245142401,0.0,0.0,0.8930434782608696,0.9997438852605968,1.0,0.0003992547245142401,0.0,0.8997443592308547
88,-0.10979866131217147,-1.373975539590645,-1.114829059711378,-0.9960070676714217,0.2865307001041158,-0.5590813358029424,0.5916666430576886,1.1146894434912307,-1.3797526017852995,0.3249628443740765,-1.1646232478770255,-2.2514222707992104,1.2909327173217398,2.9677404323649843,0.0002898550724637681,0.6998335254193879,0.7003453126998337,0.0003992547245142401,0.0,0.0,0.9,0.9997438852605968,1.0,0.0003992547245142401,0.0,0.8997443592308547
89,-0.10979866131217147,-1.3739580958855049,-1.114863947121658,-0.9960070676714217,0.2865307001041158,-0.5590813358029424,0.5916666430576886,1.1146894434912307,-1.3797526017852995,0.3249628443740765,-1.1646232478770255,-2.2514222707992104,1.2909327173217398,2.96775774291207,0.0002898550724637681,0.6998335254193879,0.7003453126998337,0.0003992547245142401,0.0,0.0,0.9,0.9997438852605968,1.0,0.0003992547245142401,0.0,0.8997443592308547
90,-0.10979866131217147,-1.3739580958855049,-1.114829059711378,-0.9959721136821144,0.28656562080390946,-0.5590987795080824,0.5916666430576886,1.1146894434912307,-1.3797526017852995,0.32492795696379645,-1.1645883604667455,-2.2514222707992104,1.2909502941849342,2.9677928966384592,0.0002898550724637681,0.6998335254193879,0.7003453126998337,0.0003992547245142401,0.0,0.0,0.9,0.9997438852605968,1.0,0.0003992547245142401,0.0,0.8997443592308547
91,-0.10976375725713464,-1.3739580958855049,-1.114829059711378,-0.9960070676714217,0.2865307001041158,-0.5590987795080824,0.5916666430576886,1.1146894434912307,-1.3797526017852995,0.3249628443740765,-1.1645883604667455,-2.251439847662405,1.2909327173217398,2.96775774291207,0.0002898550724637681,0.6998335254193879,0.7003453126998337,0.0003992547245142401,0.0,0.0,0.9,0.9997438852605968,1.0,0.0003992547245142401,0.0,0.8997443592308547
92,-0.10979866131217147,-1.3739580958855049,-1.114829059711378,-0.9960070676714217,0.28656562080390946,-0.5590813358029424,0.5917015304679687,1.1146719997860906,-1.3797526017852995,0.32492795696379645,-1.1645883604667455,-2.2514923119358796,1.2909851815952142,2.96775774291207,0.0002898550724637681,0.6998335254193879,0.7003453126998337,0.0003992547245142401,0.0,0.0,0.9,0.9997438852605968,1.0,0.0003992547245142401,0.0,0.8997443592308547
93,-0.10976375725713464,-1.3739580958855049,-1.114829059711378,-0.9959721136821144,0.2865307001041158,-0.5590813358029424,0.5916666430576886,1.1146894434912307,-1.3797526017852995,0.32492795696379645,-1.1646232478770255,-2.2515445098932454,1.2909502941849342,2.96775774291207,0.0002898550724637681,0.6998335254193879,0.7003453126998337,0.0003992547245142401,0.0,0.0,0.9,0.9997438852605968,1.0,0.0003992547245142401,0.0,0.8997443592308547
94,-0.10979866131217147,-1.3739580958855049,-1.114863947121658,-0.9960070676714217,0.2865307001041158,-0.5590813358029424,0.5916666430576886,1.1146370457967834,-1.3797874891955795,0.3249628443740765,-1.1646232478770255,-2.2516142847138054,1.2909851815952142,2.9677928966384592,0.0002898550724637681,0.6998335254193879,0.7003453126998337,0.0003992547245142401,0.0,0.0,0.9,0.9997438852605968,1.0,0.0003992547245142401,0.0,0.8997443592308547
